C:\Users\77373\Desktop\yolov4\BCCD_Dataset/BCCD/JPEGImages/BloodImage_00001.jpg 68,315,286,480,1 346,361,446,454,0 53,179,146,299,0 449,400,536,480,0 461,132,548,212,0 454,295,541,375,0 417,283,508,383,0 278,342,369,451,0 545,62,636,159,0 485,91,576,188,0 376,171,438,253,0 329,177,395,271,0 291,59,407,168,0 299,1,404,68,0 346,26,449,138,0 134,1,241,95,0 1,38,98,164,0 165,160,257,264,0 464,209,566,319,0
C:\Users\77373\Desktop\yolov4\BCCD_Dataset/BCCD/JPEGImages/BloodImage_00003.jpg 127,40,344,226,1 317,93,424,195,0 379,146,471,234,0 504,210,614,302,0 417,248,553,369,0 514,13,615,136,0 417,1,520,88,0 1,126,79,240,0 47,202,158,317,0 314,284,424,377,0 365,350,484,451,0 1,347,86,434,0 49,396,183,480,0 514,385,595,477,0 56,66,151,211,0 213,253,333,368,0
C:\Users\77373\Desktop\yolov4\BCCD_Dataset/BCCD/JPEGImages/BloodImage_00004.jpg 109,134,324,321,1 432,242,528,325,0 510,112,606,195,0 482,361,594,475,0 75,281,166,375,0 38,1,147,62,0 288,33,390,131,0 411,66,527,185,0 1,82,102,198,0 1,283,81,372,0 1,315,78,397,0 391,373,469,455,0
C:\Users\77373\Desktop\yolov4\BCCD_Dataset/BCCD/JPEGImages/BloodImage_00005.jpg 273,115,386,222,0 56,103,169,210,0 414,42,518,170,0 536,74,640,202,0 474,193,578,321,0 466,337,570,465,0 420,352,524,480,0 215,174,314,281,0 380,181,479,288,0 1,64,99,171,0 324,1,444,87,0 162,1,290,70,0 173,165,260,270,0 139,191,226,296,0 103,211,190,316,0 29,231,116,336,0 230,288,441,480,1 151,298,236,423,0 63,19,174,97,0
C:\Users\77373\Desktop\yolov4\BCCD_Dataset/BCCD/JPEGImages/BloodImage_00006.jpg 117,190,290,360,1 79,357,202,459,0 495,1,620,114,0 353,327,476,463,0 449,319,565,393,0 291,104,403,194,0 211,76,323,166,0 207,350,319,440,0 253,298,371,403,0 546,368,639,480,0 482,223,617,327,0 503,160,619,246,0 373,142,489,235,0 108,121,235,216,0 16,59,143,154,0
C:\Users\77373\Desktop\yolov4\BCCD_Dataset/BCCD/JPEGImages/BloodImage_00008.jpg 42,183,277,381,1 398,222,519,330,0 505,103,626,211,0 366,315,472,413,0 456,312,562,410,0 524,250,630,348,0 534,335,640,433,0 353,43,459,141,0 316,43,422,141,0 265,25,371,123,0 221,18,327,116,0 109,1,221,85,0 1,166,96,299,0 263,402,365,480,0 178,402,280,480,0 1,1,102,77,0 196,135,313,215,0 447,392,607,480,0 148,62,234,172,0 438,1,564,85,0
C:\Users\77373\Desktop\yolov4\BCCD_Dataset/BCCD/JPEGImages/BloodImage_00009.jpg 23,137,255,423,1 441,324,575,423,0 372,192,468,279,0 305,213,401,300,0 226,288,324,439,0 313,318,408,414,0 282,384,377,480,0 446,97,567,206,0 440,1,561,96,0 214,107,331,198,0 298,85,435,211,0 7,76,133,197,0 1,1,115,94,0 286,1,394,65,0 154,13,289,127,0 479,155,575,242,0 135,393,231,480,0
C:\Users\77373\Desktop\yolov4\BCCD_Dataset/BCCD/JPEGImages/BloodImage_00010.jpg 23,229,204,421,1 239,253,510,470,1 167,212,269,331,0 69,138,170,243,0 43,84,126,171,0 275,166,358,253,0 311,179,394,266,0 267,69,350,156,0 307,75,390,162,0 339,80,422,167,0 456,1,550,68,0 314,1,429,69,0 200,1,310,43,0 16,1,100,79,0 406,80,538,185,0 560,236,640,345,0 571,174,640,260,0 566,76,640,160,0
C:\Users\77373\Desktop\yolov4\BCCD_Dataset/BCCD/JPEGImages/BloodImage_00012.jpg 2,187,228,359,1 349,146,475,240,0 377,210,483,314,0 401,299,507,403,0 296,281,386,387,0 251,311,344,439,0 168,304,264,402,0 14,335,125,434,0 126,393,251,479,0 329,376,412,477,0 519,356,622,455,0 476,257,579,356,0 489,193,592,292,0 564,232,640,328,0 220,20,303,107,0 495,82,605,204,0 299,431,381,480,0
C:\Users\77373\Desktop\yolov4\BCCD_Dataset/BCCD/JPEGImages/BloodImage_00013.jpg 31,208,238,406,1 255,283,371,392,0 405,288,517,420,0 369,77,486,223,0 90,98,200,189,0 203,365,313,456,0 318,396,427,480,0 574,160,639,281,0 466,57,564,174,0 547,48,638,144,0 500,214,599,325,0 184,12,299,118,0 105,34,220,140,0 455,404,555,480,0 324,402,424,478,0
C:\Users\77373\Desktop\yolov4\BCCD_Dataset/BCCD/JPEGImages/BloodImage_00020.jpg 352,364,475,447,1 226,99,333,206,0 404,25,511,132,0 511,38,618,145,0 457,206,564,313,0 478,370,585,477,0 287,238,394,345,0 40,277,147,384,0 1,277,79,379,0 80,166,187,273,0 143,245,250,352,0 144,366,251,473,0 142,364,249,471,0 109,41,216,148,0 460,59,567,166,0 570,256,640,357,0 61,383,169,480,0 1,128,106,235,0 40,1,149,95,0 165,1,274,95,0
C:\Users\77373\Desktop\yolov4\BCCD_Dataset/BCCD/JPEGImages/BloodImage_00022.jpg 108,194,281,372,1 17,163,130,255,0 1,197,113,289,0 289,142,392,234,0 340,81,443,173,0 275,22,392,126,0 441,59,579,163,0 471,143,579,263,0 557,359,639,480,0 406,374,538,480,0 272,389,389,480,0 378,249,482,349,0 15,12,100,147,0
C:\Users\77373\Desktop\yolov4\BCCD_Dataset/BCCD/JPEGImages/BloodImage_00023.jpg 98,34,281,206,1 277,113,387,233,0 388,82,498,202,0 306,243,416,363,0 186,268,291,381,0 296,364,423,480,0 511,147,638,263,0 62,414,174,480,0 37,1,141,76,0 29,152,117,247,0 494,1,594,74,0 572,264,640,345,0 524,354,640,453,0 15,220,109,334,0 343,1,468,110,0 209,245,305,327,0 177,219,273,301,0
C:\Users\77373\Desktop\yolov4\BCCD_Dataset/BCCD/JPEGImages/BloodImage_00024.jpg 310,1,471,128,1 89,89,192,206,0 265,114,368,231,0 203,176,295,318,0 109,195,204,306,0 391,117,486,228,0 376,250,471,361,0 314,357,419,477,0 25,309,142,428,0 497,1,604,97,0 578,144,640,248,0 570,252,640,390,0 494,325,588,427,0 399,334,517,457,0 19,234,103,344,0 484,196,587,313,0
C:\Users\77373\Desktop\yolov4\BCCD_Dataset/BCCD/JPEGImages/BloodImage_00026.jpg 387,1,564,102,1 178,2,287,113,0 114,154,223,265,0 102,60,211,171,0 42,70,151,181,0 1,112,94,227,0 2,171,113,287,0 424,270,535,386,0 173,362,282,460,0 86,358,195,456,0 253,151,350,245,0 497,196,608,294,0 317,351,426,471,0 202,280,329,394,0 295,202,422,316,0 436,94,574,210,0 294,78,407,194,0
C:\Users\77373\Desktop\yolov4\BCCD_Dataset/BCCD/JPEGImages/BloodImage_00032.jpg 158,77,285,198,1 233,274,343,379,0 288,66,398,171,0 356,251,446,345,0 455,295,545,389,0 419,312,509,406,0 332,365,457,474,0 199,221,297,309,0 86,323,215,437,0 50,1,160,92,0 174,16,273,96,0 406,1,517,89,0 517,136,628,225,0 521,197,632,286,0 546,248,640,345,0 464,101,558,198,0 411,65,505,162,0 421,134,515,231,0 416,158,520,258,0 391,160,495,260,0 350,182,454,282,0 50,238,172,342,0 454,408,580,480,0 1,366,89,480,0
C:\Users\77373\Desktop\yolov4\BCCD_Dataset/BCCD/JPEGImages/BloodImage_00034.jpg 350,181,543,359,1 310,351,458,480,1 127,130,259,270,0 97,298,205,415,0 1,336,107,453,0 62,407,174,480,0 518,1,602,98,0 484,17,568,128,0 452,34,537,145,0 409,54,494,165,0 358,84,443,195,0 555,282,640,393,0 571,352,640,464,0 102,23,175,128,0 143,22,226,126,0 278,16,372,121,0 207,283,320,401,0
C:\Users\77373\Desktop\yolov4\BCCD_Dataset/BCCD/JPEGImages/BloodImage_00036.jpg 107,242,287,423,1 207,106,319,209,0 166,130,278,233,0 405,171,499,274,0 487,106,599,209,0 545,315,640,428,0 260,370,355,480,0 1,266,88,360,0 1,138,99,242,0 60,87,160,191,0 301,21,429,135,0 397,60,494,168,0 543,242,639,350,0 391,168,453,270,0 421,1,518,80,0 480,1,577,80,0 468,264,562,367,0 107,1,210,86,0 70,389,205,477,0
C:\Users\77373\Desktop\yolov4\BCCD_Dataset/BCCD/JPEGImages/BloodImage_00038.jpg 415,304,533,427,1 155,389,255,455,0 96,399,194,476,0 11,261,91,360,0 19,312,99,411,0 14,77,94,176,0 22,142,122,243,0 61,194,140,295,0 93,224,172,325,0 117,233,196,334,0 171,236,265,340,0 265,186,359,290,0 186,112,294,236,0 281,94,373,176,0 515,41,607,123,0 472,15,565,138,0 544,128,638,251,0 562,206,640,299,0 475,229,568,323,0 439,191,532,285,0 392,178,485,272,0 547,332,640,426,0 547,386,640,480,0 488,386,581,480,0 137,15,230,109,0 385,30,478,124,0
C:\Users\77373\Desktop\yolov4\BCCD_Dataset/BCCD/JPEGImages/BloodImage_00039.jpg 107,212,270,347,1 245,86,370,198,0 47,165,140,259,0 12,76,145,179,0 195,346,296,447,0 120,358,221,459,0 83,356,184,457,0 15,356,116,457,0 310,309,411,410,0 417,304,518,405,0 485,197,586,298,0 474,2,589,111,0 358,1,474,95,0 111,1,227,95,0 131,77,247,172,0 377,171,502,283,0 487,391,574,480,0
C:\Users\77373\Desktop\yolov4\BCCD_Dataset/BCCD/JPEGImages/BloodImage_00040.jpg 242,117,457,332,1 140,308,249,415,0 96,362,205,469,0 1,323,89,430,0 79,212,212,317,0 105,108,238,213,0 463,104,596,209,0 526,95,640,189,0 529,204,640,318,0 464,312,575,426,0 332,314,457,428,0 255,322,380,436,0 264,392,387,480,0 12,106,123,207,0 538,1,639,85,0
C:\Users\77373\Desktop\yolov4\BCCD_Dataset/BCCD/JPEGImages/BloodImage_00042.jpg 116,192,278,319,1 65,42,151,172,0 236,281,330,377,0 355,316,449,412,0 545,187,639,313,0 545,81,640,207,0 562,1,640,101,0 151,1,260,84,0 248,1,396,77,0 303,149,412,233,0 95,377,260,476,0 442,222,553,350,0 411,346,505,442,0 463,384,563,480,0
C:\Users\77373\Desktop\yolov4\BCCD_Dataset/BCCD/JPEGImages/BloodImage_00043.jpg 76,106,217,228,1 498,304,639,480,1 17,330,144,428,0 107,345,234,443,0 86,223,213,321,0 31,208,158,306,0 367,286,494,384,0 346,175,473,273,0 296,46,423,144,0 417,84,511,188,0 4,1,98,104,0 1,97,77,200,0 564,49,640,167,0 507,126,623,245,0
C:\Users\77373\Desktop\yolov4\BCCD_Dataset/BCCD/JPEGImages/BloodImage_00044.jpg 196,257,345,411,1 1,40,121,154,1 68,371,209,473,0 69,288,154,383,0 409,54,517,161,0 49,142,157,249,0 207,59,315,166,0 170,145,278,252,0 301,23,409,130,0 503,168,611,275,0 520,94,628,201,0 505,30,613,137,0 516,415,622,480,0 1,323,79,435,0 387,319,482,412,0
C:\Users\77373\Desktop\yolov4\BCCD_Dataset/BCCD/JPEGImages/BloodImage_00045.jpg 326,235,422,338,0 173,272,269,375,0 223,273,319,376,0 240,361,344,460,0 81,336,185,435,0 1,344,103,443,0 349,398,445,480,0 386,386,482,468,0 410,360,506,442,0 451,339,547,421,0 475,319,571,401,0 495,304,591,386,0 437,201,533,283,0 470,209,566,291,0 506,222,602,304,0 390,90,489,194,0 1,109,99,213,0 80,69,180,173,0 184,103,269,184,0 343,13,428,94,0 555,139,640,220,0 491,21,633,144,1 230,183,326,286,0 162,41,258,144,0
C:\Users\77373\Desktop\yolov4\BCCD_Dataset/BCCD/JPEGImages/BloodImage_00046.jpg 312,1,453,92,1 340,143,473,259,0 245,129,358,233,0 241,29,354,133,0 138,294,251,398,0 61,313,174,417,0 157,391,262,480,0 218,417,315,480,0 1,417,109,480,0 521,90,609,181,0 479,109,567,200,0 463,172,551,263,0 499,189,587,280,0 519,209,607,300,0 532,239,640,337,0 485,398,623,480,0 106,22,213,120,0 1,83,85,189,0 7,1,112,91,0 214,284,328,383,0 338,296,415,383,0 334,349,411,436,0 269,387,377,480,0
C:\Users\77373\Desktop\yolov4\BCCD_Dataset/BCCD/JPEGImages/BloodImage_00047.jpg 278,147,383,259,1 32,102,163,230,0 19,1,114,90,0 1,25,95,115,0 110,25,226,117,0 199,1,314,92,0 377,273,485,373,0 416,379,506,480,0 269,379,359,480,0 392,177,494,276,0 478,47,560,136,0 552,1,640,96,0 290,268,394,375,0 232,298,336,405,0 139,318,248,419,0 296,51,392,142,0 371,75,467,166,0 439,1,546,45,0
C:\Users\77373\Desktop\yolov4\BCCD_Dataset/BCCD/JPEGImages/BloodImage_00048.jpg 200,151,355,303,1 149,281,295,387,0 90,144,193,249,0 1,59,102,164,0 1,12,102,117,0 64,1,162,60,0 209,72,317,139,0 404,259,503,370,0 191,369,290,480,0 38,246,137,357,0 396,16,512,118,0 566,96,640,200,0 524,306,640,408,0 548,400,640,480,0 380,349,479,460,0 467,414,555,480,0
C:\Users\77373\Desktop\yolov4\BCCD_Dataset/BCCD/JPEGImages/BloodImage_00049.jpg 156,248,292,363,1 486,81,599,196,0 423,265,507,356,0 556,347,639,438,0 368,315,495,430,0 261,332,388,447,0 369,171,480,263,0 378,44,485,164,0 180,104,278,211,0 58,142,156,249,0 1,124,87,267,0 279,236,377,343,0 282,127,380,234,0 246,1,377,115,0 153,1,254,78,0 453,1,594,108,0 1,241,68,351,0 41,1,139,108,0
C:\Users\77373\Desktop\yolov4\BCCD_Dataset/BCCD/JPEGImages/BloodImage_00050.jpg 111,149,205,254,0 484,80,593,186,0 365,109,474,215,0 421,301,528,418,0 250,313,348,419,0 158,317,256,423,0 321,39,424,146,0 29,64,141,169,0 323,248,449,353,0 514,368,612,474,0 172,1,304,117,1
C:\Users\77373\Desktop\yolov4\BCCD_Dataset/BCCD/JPEGImages/BloodImage_00052.jpg 214,81,333,183,0 332,56,423,151,0 346,157,437,252,0 415,241,506,336,0 175,121,255,201,0 448,392,547,480,0 257,388,372,480,0 6,388,121,480,0 494,51,609,150,0 375,1,508,80,0 549,340,640,442,0 571,201,640,333,0 39,84,153,207,0 22,278,136,401,0 113,232,241,366,1 481,236,546,321,0
C:\Users\77373\Desktop\yolov4\BCCD_Dataset/BCCD/JPEGImages/BloodImage_00054.jpg 451,19,560,108,0 408,118,514,211,0 432,415,573,480,0 269,323,373,443,0 288,138,399,232,0 533,205,637,325,0 477,269,600,367,0 135,186,219,265,0 5,218,114,300,0 42,340,161,453,0 145,61,262,166,1 557,125,640,214,0 282,408,377,480,0 180,343,270,434,0
C:\Users\77373\Desktop\yolov4\BCCD_Dataset/BCCD/JPEGImages/BloodImage_00056.jpg 430,111,539,205,0 329,121,430,212,0 393,366,494,457,0 37,12,158,137,0 262,1,409,111,0 171,204,282,297,0 225,312,304,395,0 317,350,416,429,0 507,323,626,436,0 237,99,346,205,0 420,18,521,129,0 274,236,410,355,1
C:\Users\77373\Desktop\yolov4\BCCD_Dataset/BCCD/JPEGImages/BloodImage_00059.jpg 405,191,525,282,0 282,269,402,360,0 116,366,236,457,0 27,281,147,372,0 47,95,167,186,0 160,36,256,122,0 409,49,521,141,0 228,312,340,420,0 109,178,221,286,0 293,55,392,160,0 49,1,145,82,0 512,416,619,480,0 209,173,328,298,1
C:\Users\77373\Desktop\yolov4\BCCD_Dataset/BCCD/JPEGImages/BloodImage_00069.jpg 17,235,114,335,0 210,272,307,372,0 325,134,445,238,0 270,57,380,158,0 160,1,283,86,0 190,153,298,253,0 428,379,536,480,0 477,196,585,297,0 487,16,575,98,0 525,122,613,204,0 1,321,115,439,0 111,308,225,406,0 341,260,482,385,1
C:\Users\77373\Desktop\yolov4\BCCD_Dataset/BCCD/JPEGImages/BloodImage_00070.jpg 119,394,233,479,0 187,1,301,85,0 501,230,607,326,0 520,384,626,480,0 299,175,414,281,0 96,21,211,127,0 45,119,160,225,0 47,263,155,386,0 534,295,640,390,0 429,140,535,235,0 167,83,296,206,1 375,348,471,439,1
C:\Users\77373\Desktop\yolov4\BCCD_Dataset/BCCD/JPEGImages/BloodImage_00071.jpg 300,365,427,474,0 487,17,614,126,0 160,200,265,300,0 69,8,193,109,0 181,91,286,191,0 82,280,191,394,0 509,252,618,366,0 83,128,207,253,0 173,358,306,480,1
C:\Users\77373\Desktop\yolov4\BCCD_Dataset/BCCD/JPEGImages/BloodImage_00076.jpg 216,243,321,333,0 535,184,640,302,0 158,136,284,215,0 221,383,324,464,0 453,50,556,131,0 309,135,412,216,0 1,355,94,448,0 102,1,199,78,0 117,398,214,476,0 543,401,640,480,0 362,390,460,469,0 98,235,211,351,1
C:\Users\77373\Desktop\yolov4\BCCD_Dataset/BCCD/JPEGImages/BloodImage_00078.jpg 400,247,504,345,0 400,306,504,404,0 536,189,640,287,0 332,1,437,87,0 65,37,168,149,0 452,8,556,95,0 442,145,546,253,0 252,166,356,264,0 1,116,79,216,0 301,366,402,467,0 328,92,429,193,0 92,311,257,449,1
C:\Users\77373\Desktop\yolov4\BCCD_Dataset/BCCD/JPEGImages/BloodImage_00079.jpg 487,106,602,218,0 485,217,600,329,0 1,323,107,436,0 447,322,549,416,0 229,56,331,150,0 1,1,77,65,0 323,273,425,350,0 142,264,244,341,0 221,148,323,225,0 340,1,442,77,0 185,352,288,440,0 76,103,179,191,0 399,107,506,213,0 361,365,479,469,0 227,281,302,353,0 1,199,121,316,1
C:\Users\77373\Desktop\yolov4\BCCD_Dataset/BCCD/JPEGImages/BloodImage_00081.jpg 346,196,456,279,0 243,266,353,349,0 239,174,343,270,0 232,1,336,88,0 104,1,211,106,0 299,60,415,162,0 499,28,613,127,0 7,287,111,383,0 210,367,314,463,0 493,98,597,194,0 444,1,512,67,0 14,405,95,480,0 149,279,235,361,0 137,382,211,459,0 301,346,451,462,1
C:\Users\77373\Desktop\yolov4\BCCD_Dataset/BCCD/JPEGImages/BloodImage_00082.jpg 93,64,212,157,0 1,1,93,141,0 15,375,110,475,0 264,223,397,333,0 1,204,133,314,0 477,292,610,402,0 422,207,522,311,0 446,376,546,480,0 216,99,332,201,0 110,293,226,395,0 257,335,380,456,1
C:\Users\77373\Desktop\yolov4\BCCD_Dataset/BCCD/JPEGImages/BloodImage_00083.jpg 91,255,272,402,1 514,267,633,372,0 209,151,328,256,0 247,119,366,224,0 310,135,429,240,0 356,130,475,235,0 399,153,518,258,0 437,161,556,266,0 506,137,625,242,0 113,1,232,105,0 217,1,336,105,0 292,27,411,132,0 1,182,100,312,0 358,398,478,480,0
C:\Users\77373\Desktop\yolov4\BCCD_Dataset/BCCD/JPEGImages/BloodImage_00086.jpg 71,126,192,245,1 428,103,546,202,0 305,254,423,353,0 269,368,387,467,0 1,244,118,343,0 1,307,118,406,0 77,424,170,480,0 191,55,302,184,0 239,173,333,266,0 377,327,466,432,0 294,157,388,250,0
C:\Users\77373\Desktop\yolov4\BCCD_Dataset/BCCD/JPEGImages/BloodImage_00087.jpg 495,100,605,187,0 407,88,516,179,0 351,195,465,307,0 373,386,479,480,0 127,1,233,93,0 296,86,402,179,0 129,347,235,440,0 192,223,296,329,1
C:\Users\77373\Desktop\yolov4\BCCD_Dataset/BCCD/JPEGImages/BloodImage_00090.jpg 230,143,358,243,0 237,1,348,84,0 134,78,245,162,0 80,53,173,136,0 495,1,591,79,0 106,203,199,287,0 408,383,501,467,0 461,374,554,458,0 232,377,325,461,0 471,80,571,189,0 378,1,482,72,0 19,155,119,256,0 240,262,362,389,1
C:\Users\77373\Desktop\yolov4\BCCD_Dataset/BCCD/JPEGImages/BloodImage_00091.jpg 185,138,294,236,0 273,155,382,253,0 430,227,539,325,0 522,153,631,251,0 325,254,434,352,0 294,305,403,403,0 347,28,456,126,0 459,91,568,189,0 330,372,439,470,0 210,3,342,115,1
C:\Users\77373\Desktop\yolov4\BCCD_Dataset/BCCD/JPEGImages/BloodImage_00092.jpg 14,275,115,381,0 1,374,101,480,0 343,366,444,472,0 294,386,384,480,0 333,248,423,342,0 198,1,282,133,0 460,146,548,253,0 495,145,583,252,0 543,158,640,260,0 520,267,630,371,0 310,183,399,266,0 533,1,640,74,0 282,42,413,169,1
C:\Users\77373\Desktop\yolov4\BCCD_Dataset/BCCD/JPEGImages/BloodImage_00094.jpg 4,354,119,452,0 29,233,162,372,0 39,174,153,267,0 138,168,206,298,0 22,1,105,79,0 260,46,363,157,0 383,15,470,100,0 169,104,278,191,0 194,227,313,315,0 160,318,275,432,0 231,320,346,434,0 356,301,471,428,0 94,42,171,174,0 3,88,106,179,0 131,3,229,113,0 545,167,640,304,0 457,420,577,480,0 307,128,536,329,1
C:\Users\77373\Desktop\yolov4\BCCD_Dataset/BCCD/JPEGImages/BloodImage_00095.jpg 8,209,120,298,0 137,307,244,414,0 56,266,140,406,0 347,257,465,361,0 257,328,366,411,0 244,176,332,313,0 313,162,420,269,0 516,256,633,363,0 519,102,636,209,0 244,407,363,480,0 130,207,254,293,0 50,69,173,174,0 407,215,495,298,0 476,1,564,66,0 363,354,459,480,0 193,1,413,186,1
C:\Users\77373\Desktop\yolov4\BCCD_Dataset/BCCD/JPEGImages/BloodImage_00097.jpg 451,271,544,365,0 453,340,546,434,0 205,369,302,480,0 270,319,367,430,0 164,173,245,279,0 206,52,309,179,0 61,131,160,236,0 555,172,640,274,0 37,303,144,403,0 502,57,610,157,0 381,2,489,102,0 103,25,193,113,0 1,32,89,120,0 247,248,352,336,0 1,138,80,238,0 106,228,182,319,0 268,91,554,286,1
C:\Users\77373\Desktop\yolov4\BCCD_Dataset/BCCD/JPEGImages/BloodImage_00100.jpg 229,238,342,330,0 152,146,268,257,0 150,144,266,255,0 70,197,179,300,0 7,1,103,82,0 469,28,573,121,0 494,137,596,237,0 27,305,111,395,0 45,105,129,195,0 32,191,116,281,0 339,262,405,367,0 368,59,460,146,0 415,140,516,226,0 344,412,445,479,0 144,250,234,348,0 398,228,590,431,1
C:\Users\77373\Desktop\yolov4\BCCD_Dataset/BCCD/JPEGImages/BloodImage_00101.jpg 122,270,243,377,0 2,128,123,235,0 240,39,361,146,0 354,79,462,179,0 437,43,545,143,0 484,128,591,230,0 118,1,221,93,0 229,165,349,255,0 545,41,640,136,0 313,196,424,290,0 206,223,316,329,0 181,338,276,438,0 440,227,574,295,0 364,289,521,432,1
C:\Users\77373\Desktop\yolov4\BCCD_Dataset/BCCD/JPEGImages/BloodImage_00106.jpg 82,1,214,79,0 316,130,404,238,0 281,246,372,339,0 395,4,486,96,0 409,356,505,448,0 559,160,640,253,0 524,26,605,119,0 490,395,580,477,0 46,295,134,408,0 95,99,190,202,0 185,86,276,171,0 98,196,211,299,0 187,267,272,360,0 210,321,301,411,0 131,346,238,446,0 374,181,549,334,1
C:\Users\77373\Desktop\yolov4\BCCD_Dataset/BCCD/JPEGImages/BloodImage_00107.jpg 298,22,416,130,0 331,310,449,418,0 263,150,347,231,0 204,1,301,105,0 11,89,94,177,0 106,208,189,296,0 10,318,93,406,0 527,124,610,212,0 528,260,639,371,0 428,368,552,480,0 44,149,134,234,0 102,40,196,122,0 157,282,309,435,1
C:\Users\77373\Desktop\yolov4\BCCD_Dataset/BCCD/JPEGImages/BloodImage_00108.jpg 339,83,429,166,0 283,42,374,129,0 285,181,383,287,0 187,217,285,310,0 401,170,512,279,0 496,219,609,336,0 438,261,540,375,0 530,99,632,213,0 62,217,164,331,0 1,154,77,266,0 160,99,272,211,0 344,1,449,58,0 452,1,557,58,0 185,429,276,480,0 247,295,436,449,1
C:\Users\77373\Desktop\yolov4\BCCD_Dataset/BCCD/JPEGImages/BloodImage_00110.jpg 364,41,494,165,0 493,146,623,270,0 284,202,393,290,0 260,17,373,90,0 83,206,171,284,0 108,66,210,151,0 214,372,301,474,0 139,287,226,378,0 114,386,216,473,0 1,83,102,183,0 268,283,468,455,1
C:\Users\77373\Desktop\yolov4\BCCD_Dataset/BCCD/JPEGImages/BloodImage_00112.jpg 178,350,278,438,0 162,141,262,229,0 205,30,314,143,0 95,1,198,81,0 287,260,389,367,0 448,128,550,235,0 430,243,525,337,0 423,385,518,480,0 369,18,434,87,0 2,57,98,137,0 353,123,454,224,0 22,154,122,242,0 1,264,161,414,1 79,168,180,279,0
C:\Users\77373\Desktop\yolov4\BCCD_Dataset/BCCD/JPEGImages/BloodImage_00113.jpg 262,151,366,245,0 169,23,273,117,0 496,178,584,248,0 533,285,640,389,0 84,366,193,442,0 10,66,99,184,0 365,151,485,268,0 299,265,404,369,0 573,1,640,70,0 377,393,473,476,0 11,324,102,410,0 62,204,236,359,1 257,430,288,457,1
C:\Users\77373\Desktop\yolov4\BCCD_Dataset/BCCD/JPEGImages/BloodImage_00114.jpg 173,194,270,292,0 359,214,456,312,0 415,230,512,328,0 364,336,473,448,0 240,265,349,377,0 159,368,263,465,0 50,407,168,477,0 123,15,249,147,0 1,284,97,382,0 512,167,609,265,0 322,396,410,480,0 52,230,156,316,0 9,127,116,220,0 32,1,139,72,0 224,74,391,206,1
C:\Users\77373\Desktop\yolov4\BCCD_Dataset/BCCD/JPEGImages/BloodImage_00117.jpg 507,63,609,180,0 426,383,528,480,0 186,54,290,174,0 108,1,228,104,0 1,1,114,96,0 314,5,428,101,0 61,261,165,359,0 98,393,192,480,0 242,87,466,301,1 287,383,396,480,0 517,405,620,474,0
C:\Users\77373\Desktop\yolov4\BCCD_Dataset/BCCD/JPEGImages/BloodImage_00120.jpg 422,191,536,291,0 53,141,192,262,0 354,277,480,393,0 223,230,349,346,0 514,358,615,455,0 246,1,344,86,0 100,49,198,135,0 92,290,190,376,0 394,388,469,469,0 160,76,334,220,1
C:\Users\77373\Desktop\yolov4\BCCD_Dataset/BCCD/JPEGImages/BloodImage_00123.jpg 35,377,150,479,0 463,119,578,221,0 297,126,364,199,0 57,293,144,379,0 34,103,121,189,0 314,1,401,85,0 354,386,441,472,0 268,195,472,378,1 158,273,281,378,0
C:\Users\77373\Desktop\yolov4\BCCD_Dataset/BCCD/JPEGImages/BloodImage_00124.jpg 297,131,374,222,0 473,217,599,313,0 360,126,463,237,0 144,184,275,322,0 37,279,104,377,0 476,46,543,144,0 529,319,602,415,0 9,406,114,480,0 207,284,312,374,0 295,292,490,447,1 377,46,473,142,0
C:\Users\77373\Desktop\yolov4\BCCD_Dataset/BCCD/JPEGImages/BloodImage_00126.jpg 307,235,409,328,0 330,133,442,227,0 192,150,302,260,0 254,1,366,93,0 52,16,140,112,0 27,253,136,344,0 334,58,443,149,0 252,317,359,418,0 200,266,293,391,0 477,165,590,238,0 444,129,550,204,0 400,370,547,480,1
C:\Users\77373\Desktop\yolov4\BCCD_Dataset/BCCD/JPEGImages/BloodImage_00127.jpg 9,249,109,357,0 452,1,556,95,0 109,272,210,357,0 251,1,352,86,0 218,389,323,480,0 172,126,349,312,1
C:\Users\77373\Desktop\yolov4\BCCD_Dataset/BCCD/JPEGImages/BloodImage_00133.jpg 471,11,592,130,0 552,200,640,318,0 520,312,632,430,0 58,260,171,375,0 336,158,443,256,0 84,379,191,477,0 227,320,341,429,0 1,327,59,431,0 376,310,453,407,0
C:\Users\77373\Desktop\yolov4\BCCD_Dataset/BCCD/JPEGImages/BloodImage_00134.jpg 250,196,405,337,1
C:\Users\77373\Desktop\yolov4\BCCD_Dataset/BCCD/JPEGImages/BloodImage_00139.jpg 229,7,338,117,0 258,225,368,333,0 77,226,187,334,0 88,58,232,222,0 469,303,598,420,0 401,273,515,380,0 159,314,269,422,0 478,228,592,335,0 11,312,121,420,0 269,353,440,480,1
C:\Users\77373\Desktop\yolov4\BCCD_Dataset/BCCD/JPEGImages/BloodImage_00141.jpg 539,53,640,154,0 393,334,511,437,0 501,278,618,406,0 423,1,543,115,0 331,76,442,168,0 312,176,439,302,0 10,196,117,292,0 113,153,231,271,0 249,133,364,229,0 57,278,345,480,1
C:\Users\77373\Desktop\yolov4\BCCD_Dataset/BCCD/JPEGImages/BloodImage_00142.jpg 335,54,466,163,0 403,170,517,274,0 485,201,598,284,0 348,372,441,480,0 18,276,111,384,0 101,12,206,117,0 211,172,389,324,1
C:\Users\77373\Desktop\yolov4\BCCD_Dataset/BCCD/JPEGImages/BloodImage_00144.jpg 86,1,208,101,0 116,66,242,195,0 185,1,310,76,0 508,94,606,190,0 2,285,80,387,0 566,337,640,422,0 421,218,589,371,1 216,200,315,296,0 242,194,341,290,0 289,195,388,291,0
C:\Users\77373\Desktop\yolov4\BCCD_Dataset/BCCD/JPEGImages/BloodImage_00150.jpg 278,11,405,149,1
C:\Users\77373\Desktop\yolov4\BCCD_Dataset/BCCD/JPEGImages/BloodImage_00154.jpg 208,278,312,400,0 247,232,351,337,0 325,163,429,268,0 257,105,361,210,0 100,393,247,480,0 1,60,104,165,0 354,4,513,153,1
C:\Users\77373\Desktop\yolov4\BCCD_Dataset/BCCD/JPEGImages/BloodImage_00156.jpg 169,326,296,405,0 216,187,341,296,0 93,128,179,208,0 105,245,195,362,0 5,162,108,259,0 3,252,118,343,0 299,225,414,316,0 374,229,498,328,0 160,415,280,480,0 6,331,137,480,1
C:\Users\77373\Desktop\yolov4\BCCD_Dataset/BCCD/JPEGImages/BloodImage_00158.jpg 237,344,325,436,0 148,177,236,269,0 475,343,597,465,0 267,221,354,325,0 42,63,136,152,0 339,219,500,364,1
C:\Users\77373\Desktop\yolov4\BCCD_Dataset/BCCD/JPEGImages/BloodImage_00159.jpg 239,6,331,103,0 487,20,620,137,0 418,171,524,282,0 487,253,598,363,0 274,382,384,480,0 168,122,338,287,1
C:\Users\77373\Desktop\yolov4\BCCD_Dataset/BCCD/JPEGImages/BloodImage_00160.jpg 170,185,280,287,0 402,215,512,317,0 501,303,611,405,0 492,63,602,165,0 1,31,111,136,0 148,297,270,400,0 263,78,385,181,0 426,147,529,233,0 140,1,243,86,0 260,292,484,480,1
C:\Users\77373\Desktop\yolov4\BCCD_Dataset/BCCD/JPEGImages/BloodImage_00163.jpg 474,80,575,176,0 405,78,506,174,0 453,227,550,348,0 64,89,161,210,0 1,330,87,434,0 277,301,389,394,0 279,128,437,301,1
C:\Users\77373\Desktop\yolov4\BCCD_Dataset/BCCD/JPEGImages/BloodImage_00164.jpg 169,179,300,317,0 423,336,520,453,0 532,358,629,475,0 353,39,448,135,0 345,124,451,245,0 309,233,415,354,0 532,151,639,268,0 455,69,593,184,0 4,188,136,316,0 102,77,220,196,0 124,300,335,480,1
C:\Users\77373\Desktop\yolov4\BCCD_Dataset/BCCD/JPEGImages/BloodImage_00165.jpg 388,157,478,262,0 266,385,373,480,0 359,363,466,458,0 306,274,428,380,0 56,296,178,402,0 104,176,200,279,0 386,4,514,122,0 449,389,541,480,0 425,252,513,364,0 230,1,331,72,0 170,57,411,290,1
C:\Users\77373\Desktop\yolov4\BCCD_Dataset/BCCD/JPEGImages/BloodImage_00166.jpg 480,2,589,93,0 347,199,455,314,0 494,357,578,466,0 549,81,633,190,0 383,353,491,468,0 347,1,453,96,0 55,77,182,191,0 254,28,368,129,0 5,198,127,299,0 403,165,512,285,0 408,264,505,367,0 1,332,225,479,1
C:\Users\77373\Desktop\yolov4\BCCD_Dataset/BCCD/JPEGImages/BloodImage_00168.jpg 440,347,563,450,0 274,179,388,258,0 340,261,441,366,0 364,103,480,210,0 378,1,493,91,0 32,371,152,480,0 6,276,106,370,0 6,41,130,141,0 98,1,207,72,0 207,1,316,72,0 503,75,609,180,0 318,301,424,406,0 171,345,273,430,0 181,47,306,169,0 560,135,640,232,0 1,134,97,227,0 55,149,265,347,1
C:\Users\77373\Desktop\yolov4\BCCD_Dataset/BCCD/JPEGImages/BloodImage_00170.jpg 359,101,459,216,0 394,365,509,463,0 425,172,545,288,0 459,290,575,372,0 57,390,154,480,0 1,233,97,330,0 1,127,97,224,0 271,21,395,133,0 185,110,292,220,0 86,88,193,198,0 112,33,219,143,0 564,174,640,274,0 99,212,194,308,0 179,174,401,395,1
C:\Users\77373\Desktop\yolov4\BCCD_Dataset/BCCD/JPEGImages/BloodImage_00174.jpg 455,106,562,209,0 490,249,597,352,0 543,165,640,269,0 568,323,640,428,0 310,365,427,471,0 298,46,418,157,0 203,24,301,141,0 394,1,491,107,0 1,153,77,259,0 1,379,67,480,0 1,1,91,75,0 95,1,210,93,0 37,317,152,410,0 188,161,398,368,1
C:\Users\77373\Desktop\yolov4\BCCD_Dataset/BCCD/JPEGImages/BloodImage_00175.jpg 19,2,129,114,0 1,176,99,293,0 187,56,283,152,0 298,182,418,275,0 396,249,516,342,0 520,9,640,102,0 29,305,149,398,0 520,107,640,221,0 110,172,196,260,0 211,248,422,479,1
C:\Users\77373\Desktop\yolov4\BCCD_Dataset/BCCD/JPEGImages/BloodImage_00176.jpg 242,222,347,325,0 464,43,556,137,0 531,186,631,288,0 23,88,124,195,0 377,234,478,341,0 59,196,160,303,0 289,1,393,86,0 152,274,256,360,0 320,387,429,480,0 190,412,322,480,0 64,365,170,480,0 107,34,324,234,1 306,102,460,246,1
C:\Users\77373\Desktop\yolov4\BCCD_Dataset/BCCD/JPEGImages/BloodImage_00177.jpg 375,115,498,215,0 279,264,399,392,0 447,189,560,307,0 121,341,256,442,0 1,101,75,244,0 323,6,453,122,0 452,1,537,119,0 542,259,640,383,0 550,124,640,233,0 553,1,640,85,0 306,377,425,480,0 176,92,372,268,1
C:\Users\77373\Desktop\yolov4\BCCD_Dataset/BCCD/JPEGImages/BloodImage_00179.jpg 65,42,165,177,0 373,1,488,83,0 227,3,346,107,0 487,128,606,232,0 175,288,294,392,0 94,387,212,480,0 311,351,420,465,0 49,273,155,360,0 165,77,273,185,0 106,168,248,293,0 466,397,575,480,0 557,202,640,307,0 253,143,466,351,1
C:\Users\77373\Desktop\yolov4\BCCD_Dataset/BCCD/JPEGImages/BloodImage_00182.jpg 161,75,286,185,0 48,78,179,207,0 516,183,637,296,0 173,351,291,449,0 47,361,165,459,0 1,11,118,109,0 439,10,580,132,0 315,242,436,344,0 519,378,624,472,0 293,57,498,260,1
C:\Users\77373\Desktop\yolov4\BCCD_Dataset/BCCD/JPEGImages/BloodImage_00187.jpg 159,229,403,468,1 401,57,495,168,0 442,65,547,190,0 192,137,306,248,0 22,46,136,157,0 134,48,248,159,0 459,267,565,366,0
C:\Users\77373\Desktop\yolov4\BCCD_Dataset/BCCD/JPEGImages/BloodImage_00189.jpg 385,66,502,191,0 261,73,367,157,0 483,156,587,303,0 380,269,480,372,0 80,1,192,81,0 447,410,522,480,0 203,350,334,456,0 318,338,406,433,0 1,142,100,253,0 506,21,606,132,0 566,392,640,480,0 188,165,387,340,1 100,198,206,282,0 139,304,265,413,0
C:\Users\77373\Desktop\yolov4\BCCD_Dataset/BCCD/JPEGImages/BloodImage_00190.jpg 256,16,373,118,0 412,37,506,136,0 115,10,208,99,0 515,144,632,285,0 373,237,484,344,0 502,45,613,152,0 45,94,144,198,0 465,315,576,422,0 161,302,272,409,0 322,331,433,438,0 114,392,236,480,0 482,414,603,480,0 181,115,396,326,1
C:\Users\77373\Desktop\yolov4\BCCD_Dataset/BCCD/JPEGImages/BloodImage_00191.jpg 353,1,462,101,0 296,98,402,235,0 303,264,424,382,0 49,62,171,195,0 205,21,299,117,0 562,1,640,86,0 173,171,292,285,0 540,269,640,360,0 514,342,633,439,0 304,384,383,480,0 574,158,640,278,0 1,337,69,455,0 1,132,70,224,0 256,11,350,107,0 423,76,572,213,1
C:\Users\77373\Desktop\yolov4\BCCD_Dataset/BCCD/JPEGImages/BloodImage_00195.jpg 142,354,258,447,0 27,373,138,463,0 208,90,324,183,0 387,41,504,149,0 417,154,510,263,0 553,228,640,355,0 140,194,238,296,0 239,284,337,386,0 53,305,153,395,0 273,20,386,140,0 337,269,469,402,1 555,89,640,213,1
C:\Users\77373\Desktop\yolov4\BCCD_Dataset/BCCD/JPEGImages/BloodImage_00196.jpg 503,39,617,148,0 319,56,433,165,0 52,133,166,242,0 131,315,245,424,0 201,188,315,297,0 233,124,347,233,0 128,45,229,153,0 251,385,355,479,0 460,140,564,234,0 543,158,640,267,0 317,222,562,441,1
C:\Users\77373\Desktop\yolov4\BCCD_Dataset/BCCD/JPEGImages/BloodImage_00197.jpg 12,317,110,411,0 1,191,70,323,0 305,123,430,236,0 392,248,494,356,0 172,292,272,409,0 520,184,640,294,0 314,1,419,86,0 75,84,208,182,0 51,149,177,279,0 276,311,402,412,0 170,1,294,77,0 400,7,557,159,1
C:\Users\77373\Desktop\yolov4\BCCD_Dataset/BCCD/JPEGImages/BloodImage_00198.jpg 268,5,377,100,0 478,99,587,194,0 116,385,225,480,0 309,116,439,226,0 382,61,489,149,0 354,1,467,88,0 176,76,285,171,0 164,127,267,239,0 431,295,549,410,0 415,410,524,480,0 300,403,427,480,0 568,168,640,269,0 40,340,131,434,0 62,151,165,285,0 243,208,452,400,1
C:\Users\77373\Desktop\yolov4\BCCD_Dataset/BCCD/JPEGImages/BloodImage_00199.jpg 469,40,580,130,0 375,55,488,154,0 299,223,412,322,0 477,239,578,328,0 549,150,640,268,0 405,165,519,281,0 43,350,156,449,0 85,1,192,96,0 249,352,372,459,0 420,340,544,468,0 73,63,304,283,1
C:\Users\77373\Desktop\yolov4\BCCD_Dataset/BCCD/JPEGImages/BloodImage_00200.jpg 115,1,237,97,0 138,400,254,480,0 547,242,640,347,0 1,107,119,190,0 183,134,305,231,0 64,324,186,421,0 248,307,362,410,0 494,22,613,140,0 548,111,636,208,0 345,264,553,446,1
C:\Users\77373\Desktop\yolov4\BCCD_Dataset/BCCD/JPEGImages/BloodImage_00201.jpg 302,9,406,100,0 13,213,131,337,0 60,338,149,452,0 1,358,89,472,0 169,157,275,253,0 388,135,494,231,0 501,313,604,416,0 250,204,347,298,0 59,25,155,128,0 324,225,523,425,1
C:\Users\77373\Desktop\yolov4\BCCD_Dataset/BCCD/JPEGImages/BloodImage_00202.jpg 8,119,117,222,0 276,1,385,103,0 408,40,521,152,0 550,218,640,326,0 441,234,540,332,0 261,161,369,266,0 264,238,371,360,0 203,318,321,409,0 286,375,405,480,0 111,158,250,296,0 457,124,593,242,0 213,77,322,180,0 389,341,604,480,1
C:\Users\77373\Desktop\yolov4\BCCD_Dataset/BCCD/JPEGImages/BloodImage_00203.jpg 420,58,528,156,0 463,121,571,219,0 266,1,377,71,0 292,43,403,114,0 459,351,567,444,0 12,206,120,306,0 130,75,238,175,0 506,222,610,333,0 1,11,107,147,0 170,262,386,453,1
C:\Users\77373\Desktop\yolov4\BCCD_Dataset/BCCD/JPEGImages/BloodImage_00204.jpg 4,376,110,475,0 294,50,400,149,0 146,208,231,286,0 485,308,584,407,0 567,193,640,294,0 429,65,528,164,0 524,15,623,106,0 337,1,441,96,0 37,142,139,256,0 61,38,192,176,0 136,395,216,476,0 435,180,548,266,0 435,426,527,477,0 598,60,640,152,0 253,255,439,430,1
C:\Users\77373\Desktop\yolov4\BCCD_Dataset/BCCD/JPEGImages/BloodImage_00206.jpg 167,298,289,410,0 1,295,104,398,0 443,49,547,152,0 395,71,499,174,0 337,110,451,239,0 187,141,313,254,0 93,1,198,95,0 186,52,299,154,0 313,1,421,85,0 285,263,379,355,0 291,326,391,417,0 291,376,391,467,0 409,388,509,479,0 74,296,179,409,0 482,268,640,453,1
C:\Users\77373\Desktop\yolov4\BCCD_Dataset/BCCD/JPEGImages/BloodImage_00210.jpg 300,67,423,169,0 466,85,589,187,0 458,145,581,247,0 414,260,536,345,0 188,193,284,298,0 88,236,184,341,0 28,48,124,153,0 228,397,331,480,0 201,102,303,193,0 283,279,390,380,0 559,330,640,444,0 2,359,112,463,0 343,335,558,479,1
C:\Users\77373\Desktop\yolov4\BCCD_Dataset/BCCD/JPEGImages/BloodImage_00211.jpg 86,283,187,385,0 43,180,144,282,0 213,16,314,118,0 84,42,185,144,0 541,138,640,253,0 541,337,640,452,0 452,18,551,133,0 515,16,636,140,0 184,175,282,270,0 210,266,308,361,0 429,333,534,436,0 265,114,344,223,0 279,202,403,308,1
C:\Users\77373\Desktop\yolov4\BCCD_Dataset/BCCD/JPEGImages/BloodImage_00212.jpg 226,141,338,240,0 183,40,319,156,0 327,143,439,247,0 505,291,611,393,0 534,387,638,480,0 165,402,268,480,0 273,293,389,390,0 1,1,95,93,0 410,236,517,360,0 349,1,458,111,0 562,71,640,188,0 525,174,624,292,0 108,169,226,285,0 329,355,541,480,1
C:\Users\77373\Desktop\yolov4\BCCD_Dataset/BCCD/JPEGImages/BloodImage_00214.jpg 206,125,333,236,0 87,201,186,299,0 2,1,98,96,0 31,98,155,195,0 284,258,380,344,0 252,306,356,418,0 237,361,341,473,0 390,226,508,311,0 487,408,600,480,0 429,301,570,420,0 340,372,445,480,0 513,1,633,98,0 146,341,249,446,0 307,11,410,116,0 32,272,135,377,0 365,64,564,232,1
C:\Users\77373\Desktop\yolov4\BCCD_Dataset/BCCD/JPEGImages/BloodImage_00215.jpg 407,57,519,158,0 303,62,386,163,0 262,401,357,480,0 239,187,329,293,0 230,56,305,147,0 486,255,586,367,0 448,355,541,441,0 537,403,636,480,0 396,429,495,480,0 315,293,408,379,0 368,258,464,361,0 4,383,101,480,0 1,262,66,378,0 63,267,287,467,1
C:\Users\77373\Desktop\yolov4\BCCD_Dataset/BCCD/JPEGImages/BloodImage_00224.jpg 243,128,388,291,1
C:\Users\77373\Desktop\yolov4\BCCD_Dataset/BCCD/JPEGImages/BloodImage_00231.jpg 408,135,536,250,0 239,38,361,125,0 371,23,488,136,0 484,21,601,134,0 107,238,197,355,0 1,137,92,235,0 582,232,640,326,0 72,1,177,86,0 172,209,406,427,1
C:\Users\77373\Desktop\yolov4\BCCD_Dataset/BCCD/JPEGImages/BloodImage_00232.jpg 509,177,614,291,0 448,1,563,102,0 340,261,453,371,0 239,364,344,471,0 123,362,228,469,0 137,44,242,151,0 212,149,326,259,0 458,275,562,374,0 415,332,519,431,0 1,60,176,304,1
C:\Users\77373\Desktop\yolov4\BCCD_Dataset/BCCD/JPEGImages/BloodImage_00235.jpg 1,166,89,283,0 147,207,251,326,0 480,343,604,468,0 232,102,469,336,1
C:\Users\77373\Desktop\yolov4\BCCD_Dataset/BCCD/JPEGImages/BloodImage_00237.jpg 1,276,70,379,0 182,355,310,458,0 101,222,199,327,0 515,177,620,293,0 358,402,453,480,0 71,399,179,480,0 1,1,92,103,0 405,191,509,294,0 189,242,317,350,0 301,314,418,417,0 98,163,177,236,0 206,51,437,272,1
C:\Users\77373\Desktop\yolov4\BCCD_Dataset/BCCD/JPEGImages/BloodImage_00239.jpg 360,170,469,286,0 375,1,479,110,0 239,156,362,294,0 478,188,581,284,0 449,86,541,183,0 146,24,246,117,0 51,267,167,354,0 169,234,258,312,0 174,283,264,396,0 573,198,640,336,0 93,113,208,238,0 242,266,457,471,1
C:\Users\77373\Desktop\yolov4\BCCD_Dataset/BCCD/JPEGImages/BloodImage_00240.jpg 373,277,477,385,0 188,267,313,390,0 279,149,404,272,0 141,1,270,71,0 74,236,170,326,0 39,111,135,201,0 144,311,240,401,0 443,364,539,454,0 371,1,613,192,1
C:\Users\77373\Desktop\yolov4\BCCD_Dataset/BCCD/JPEGImages/BloodImage_00242.jpg 331,110,425,199,0 212,318,325,433,0 138,54,262,177,0 101,16,180,87,0 276,14,380,122,0 444,96,534,189,0 531,309,640,415,0 559,212,640,311,0 463,228,556,323,0 539,107,639,202,0 465,422,565,480,0 445,317,547,415,0 1,158,99,273,0 290,154,392,258,0 17,184,242,398,1
C:\Users\77373\Desktop\yolov4\BCCD_Dataset/BCCD/JPEGImages/BloodImage_00243.jpg 118,24,229,151,0 418,150,511,250,0 303,1,409,79,0 284,134,392,240,0 37,187,145,279,0 145,243,256,320,0 156,138,256,229,0 500,229,598,342,0 1,70,98,183,0 332,29,457,143,0 307,407,438,479,0 285,217,487,419,1
C:\Users\77373\Desktop\yolov4\BCCD_Dataset/BCCD/JPEGImages/BloodImage_00247.jpg 374,16,479,112,0 479,22,584,118,0 381,144,486,240,0 214,333,327,438,0 139,227,258,349,0 137,58,232,158,0 439,341,558,463,0 387,413,489,479,0 510,220,629,300,0 13,27,130,154,0 228,1,318,82,0 148,322,266,413,0 336,321,444,434,0 184,85,388,295,1
C:\Users\77373\Desktop\yolov4\BCCD_Dataset/BCCD/JPEGImages/BloodImage_00248.jpg 381,1,488,87,0 481,24,592,123,0 259,79,383,198,0 154,1,256,68,0 2,220,129,331,0 308,373,402,480,0 102,47,218,151,0 348,187,464,291,0 462,222,578,326,0 159,414,291,478,0 1,357,84,454,0 149,233,354,423,1
C:\Users\77373\Desktop\yolov4\BCCD_Dataset/BCCD/JPEGImages/BloodImage_00250.jpg 125,143,324,344,1
C:\Users\77373\Desktop\yolov4\BCCD_Dataset/BCCD/JPEGImages/BloodImage_00251.jpg 475,145,583,235,0 207,149,315,239,0 12,232,120,322,0 492,365,600,455,0 515,318,623,408,0 109,171,225,273,0 3,329,119,442,0 1,327,117,440,0 309,199,551,417,1
C:\Users\77373\Desktop\yolov4\BCCD_Dataset/BCCD/JPEGImages/BloodImage_00252.jpg 177,48,278,147,0 65,355,166,454,0 564,395,640,480,0 472,315,582,423,0 156,380,279,480,0 296,50,394,148,0 456,21,569,116,0 55,1,174,99,0 61,295,138,363,0 161,181,399,404,1
C:\Users\77373\Desktop\yolov4\BCCD_Dataset/BCCD/JPEGImages/BloodImage_00254.jpg 393,54,502,162,0 400,350,494,438,0 81,239,209,335,0 330,258,434,368,0 1,325,104,425,0 223,244,323,332,0 179,184,299,270,0 110,32,220,151,0 525,374,614,480,0 241,349,379,477,1
C:\Users\77373\Desktop\yolov4\BCCD_Dataset/BCCD/JPEGImages/BloodImage_00256.jpg 455,132,596,259,0 1,85,110,175,0 296,40,423,131,0 115,205,211,305,0 58,136,154,236,0 217,214,470,443,1
C:\Users\77373\Desktop\yolov4\BCCD_Dataset/BCCD/JPEGImages/BloodImage_00257.jpg 426,353,542,456,0 254,377,370,480,0 118,290,253,395,0 106,198,193,287,0 174,1,281,77,0 429,78,530,179,0 539,295,640,396,0 174,99,385,306,1
C:\Users\77373\Desktop\yolov4\BCCD_Dataset/BCCD/JPEGImages/BloodImage_00258.jpg 221,223,386,387,1
C:\Users\77373\Desktop\yolov4\BCCD_Dataset/BCCD/JPEGImages/BloodImage_00259.jpg 156,112,256,206,0 168,374,270,477,0 238,228,320,284,0 456,161,564,251,0 537,299,640,414,0 61,63,185,145,0 7,420,107,480,0 15,181,209,362,1
C:\Users\77373\Desktop\yolov4\BCCD_Dataset/BCCD/JPEGImages/BloodImage_00263.jpg 115,358,206,446,0 1,315,79,401,0 402,305,486,414,0 388,43,467,143,0 564,1,640,77,0 248,382,346,480,0 337,411,402,480,0 140,171,242,255,0 50,192,152,276,0 356,148,462,249,0 298,128,406,236,0 534,243,640,344,0 100,1,307,144,1
C:\Users\77373\Desktop\yolov4\BCCD_Dataset/BCCD/JPEGImages/BloodImage_00264.jpg 153,309,243,394,0 131,401,224,480,0 377,176,484,285,0 486,274,575,362,0 434,1,516,74,0 481,55,592,154,0 90,118,184,206,0 274,137,374,230,0 515,1,615,50,0 561,132,640,231,0 589,304,640,388,0 527,392,638,480,0 271,18,398,114,0 234,332,369,480,1
C:\Users\77373\Desktop\yolov4\BCCD_Dataset/BCCD/JPEGImages/BloodImage_00265.jpg 144,346,242,436,0 1,72,82,160,0 107,1,203,65,0 200,1,311,86,0 71,77,182,163,0 35,252,127,356,0 75,295,146,386,0 29,350,129,457,0 209,108,309,215,0 477,134,561,218,0 240,219,438,393,1
C:\Users\77373\Desktop\yolov4\BCCD_Dataset/BCCD/JPEGImages/BloodImage_00266.jpg 509,147,621,254,0 444,146,514,258,0 345,219,457,328,0 287,340,407,445,0 1,154,86,245,0 303,87,389,178,0 380,12,466,103,0 563,251,639,350,0 83,1,182,99,0 52,88,163,181,0 2,247,187,440,1 311,323,409,394,0 174,211,288,283,0
C:\Users\77373\Desktop\yolov4\BCCD_Dataset/BCCD/JPEGImages/BloodImage_00267.jpg 87,112,298,298,1
C:\Users\77373\Desktop\yolov4\BCCD_Dataset/BCCD/JPEGImages/BloodImage_00268.jpg 124,1,328,172,1
C:\Users\77373\Desktop\yolov4\BCCD_Dataset/BCCD/JPEGImages/BloodImage_00270.jpg 245,352,383,480,1 270,118,372,210,0 314,87,416,179,0 161,283,287,383,0
C:\Users\77373\Desktop\yolov4\BCCD_Dataset/BCCD/JPEGImages/BloodImage_00273.jpg 227,265,329,359,0 48,211,159,306,0 136,167,271,282,0 388,275,500,386,0 491,286,606,387,0 342,92,448,188,0 427,78,533,174,0 425,170,531,266,0 123,78,229,174,0 30,61,138,166,0 555,31,640,129,0 247,386,346,475,0 193,1,408,123,1
C:\Users\77373\Desktop\yolov4\BCCD_Dataset/BCCD/JPEGImages/BloodImage_00275.jpg 97,59,219,157,0 213,38,319,140,0 114,254,225,358,0 528,209,635,301,0 309,95,416,187,0 343,93,443,173,0 444,55,544,135,0 2,187,131,312,0 96,362,201,467,0 423,309,520,398,0 491,368,613,480,0 181,134,299,231,0 289,353,401,452,0 1,24,83,135,0 270,192,416,326,1
C:\Users\77373\Desktop\yolov4\BCCD_Dataset/BCCD/JPEGImages/BloodImage_00276.jpg 143,95,243,213,0 173,194,265,304,0 71,11,166,113,0 431,32,526,134,0 490,32,585,134,0 440,144,535,246,0 527,161,622,263,0 417,246,524,354,0 378,302,485,410,0 46,207,137,309,0 54,360,165,466,0 512,327,614,419,0 221,36,415,225,1
C:\Users\77373\Desktop\yolov4\BCCD_Dataset/BCCD/JPEGImages/BloodImage_00278.jpg 3,346,123,464,0 165,153,285,271,0 359,1,476,104,0 270,93,387,197,0 389,175,500,313,0 559,51,640,168,0 492,423,610,479,0 31,177,151,295,0 149,43,256,132,0 246,433,353,480,0 394,114,525,217,0 469,211,577,329,0 318,318,487,480,1
C:\Users\77373\Desktop\yolov4\BCCD_Dataset/BCCD/JPEGImages/BloodImage_00279.jpg 287,293,394,395,0 214,281,302,365,0 44,49,131,173,0 522,122,629,224,0 161,163,270,267,0 246,171,343,268,0 305,178,404,270,0 158,370,257,462,0 1,195,70,296,0 134,279,233,371,0 437,119,531,223,0 458,237,576,346,0 419,331,537,440,0 244,1,483,178,1
C:\Users\77373\Desktop\yolov4\BCCD_Dataset/BCCD/JPEGImages/BloodImage_00281.jpg 112,140,221,242,0 79,45,176,148,0 1,254,112,366,0 111,345,222,454,0 120,258,238,363,0 232,52,349,186,0 413,121,531,226,0 529,265,640,373,0 1,1,126,100,0 522,73,617,197,0 216,152,471,387,1
C:\Users\77373\Desktop\yolov4\BCCD_Dataset/BCCD/JPEGImages/BloodImage_00283.jpg 381,274,494,367,0 435,156,554,274,0 347,96,455,204,0 282,150,386,243,0 343,1,447,93,0 355,379,466,480,0 220,407,330,480,0 448,1,560,107,0 547,334,640,442,0 173,63,266,171,0 54,73,147,181,0 10,126,103,234,0 28,223,255,407,1
C:\Users\77373\Desktop\yolov4\BCCD_Dataset/BCCD/JPEGImages/BloodImage_00288.jpg 67,359,163,452,0 339,387,435,480,0 407,328,520,422,0 444,229,544,321,0 420,126,522,223,0 352,202,440,302,0 119,104,228,199,0 287,74,402,188,0 47,12,158,123,0 185,1,308,111,0 43,179,152,274,0 1,218,109,313,0 208,166,321,270,0 479,21,594,135,0 529,147,634,254,0 525,373,630,480,0 552,251,640,352,0 305,1,407,79,0 153,263,370,474,1
C:\Users\77373\Desktop\yolov4\BCCD_Dataset/BCCD/JPEGImages/BloodImage_00289.jpg 180,281,273,386,0 246,343,339,448,0 432,257,551,361,0 521,203,640,307,0 535,101,640,206,0 332,279,443,402,0 162,1,280,102,0 55,66,173,168,0 140,163,258,265,0 1,270,117,372,0 251,55,482,288,1
C:\Users\77373\Desktop\yolov4\BCCD_Dataset/BCCD/JPEGImages/BloodImage_00291.jpg 446,143,530,255,0 444,287,528,399,0 544,80,628,192,0 445,1,543,113,0 186,39,303,129,0 71,369,183,463,0 17,115,152,198,0 336,102,436,214,0 348,180,457,277,0 185,213,441,436,1
C:\Users\77373\Desktop\yolov4\BCCD_Dataset/BCCD/JPEGImages/BloodImage_00292.jpg 133,226,235,331,0 281,240,383,345,0 307,345,409,450,0 199,312,294,409,0 114,366,209,463,0 148,131,243,228,0 209,46,318,142,0 244,146,353,242,0 506,106,615,221,0 508,354,617,469,0 409,284,545,393,0 44,78,153,193,0 23,181,132,296,0 314,1,537,130,1
C:\Users\77373\Desktop\yolov4\BCCD_Dataset/BCCD/JPEGImages/BloodImage_00294.jpg 463,73,558,188,0 292,75,387,190,0 202,11,330,115,0 115,18,215,108,0 71,101,171,191,0 162,109,262,199,0 106,189,209,293,0 159,348,262,452,0 205,195,308,299,0 383,376,543,472,0 334,169,525,384,1
C:\Users\77373\Desktop\yolov4\BCCD_Dataset/BCCD/JPEGImages/BloodImage_00295.jpg 20,192,109,296,0 314,277,423,371,0 477,196,590,289,0 488,303,601,408,0 377,82,490,187,0 112,56,207,148,0 164,388,259,480,0 397,366,492,458,0 233,15,328,107,0 319,249,428,343,0 41,204,130,308,0 118,141,372,353,1
C:\Users\77373\Desktop\yolov4\BCCD_Dataset/BCCD/JPEGImages/BloodImage_00297.jpg 400,263,511,350,0 393,346,504,433,0 332,45,440,153,0 148,17,256,125,0 54,361,146,450,0 43,205,127,311,0 325,153,438,266,0 468,156,581,269,0 104,289,196,378,0 172,275,407,480,1
C:\Users\77373\Desktop\yolov4\BCCD_Dataset/BCCD/JPEGImages/BloodImage_00299.jpg 480,301,587,409,0 204,82,311,190,0 33,79,140,187,0 102,9,233,140,0 402,212,514,308,0 9,359,115,449,0 1,299,102,410,0 424,35,526,122,0 176,260,408,479,1
C:\Users\77373\Desktop\yolov4\BCCD_Dataset/BCCD/JPEGImages/BloodImage_00300.jpg 379,136,486,246,0 474,168,581,278,0 388,300,495,410,0 266,331,373,441,0 201,361,308,471,0 19,297,141,404,0 359,21,495,124,0 1,58,92,159,0 219,33,355,136,0 133,281,240,391,0 505,328,612,438,0 487,1,594,105,0 11,406,138,480,0 174,130,357,313,1
C:\Users\77373\Desktop\yolov4\BCCD_Dataset/BCCD/JPEGImages/BloodImage_00301.jpg 278,196,366,291,0 359,239,447,334,0 523,110,611,205,0 447,198,568,309,0 183,95,304,206,0 164,201,268,307,0 191,1,295,105,0 90,171,194,277,0 496,304,600,410,0 271,338,375,444,0 157,370,261,476,0 1,311,104,417,0 104,285,208,391,0 305,13,521,214,1
C:\Users\77373\Desktop\yolov4\BCCD_Dataset/BCCD/JPEGImages/BloodImage_00302.jpg 99,391,217,471,0 121,275,252,388,0 106,19,236,136,0 213,63,336,178,0 511,294,623,410,0 461,320,567,413,0 400,339,491,433,0 343,341,419,433,0 295,344,375,443,0 290,241,404,335,0 429,187,543,281,0 120,143,248,270,0 1,291,81,450,1
C:\Users\77373\Desktop\yolov4\BCCD_Dataset/BCCD/JPEGImages/BloodImage_00305.jpg 314,316,424,422,0 425,292,552,403,0 407,400,539,480,0 289,174,418,283,0 139,60,268,169,0 265,49,363,149,0 341,88,442,180,0 543,1,640,104,0 543,118,640,222,0 453,179,564,297,0 167,386,278,480,0 92,309,204,420,0 86,202,198,313,0 190,244,309,370,1
C:\Users\77373\Desktop\yolov4\BCCD_Dataset/BCCD/JPEGImages/BloodImage_00307.jpg 81,18,194,115,0 43,259,144,351,0 347,355,448,447,0 97,362,198,454,0 195,167,297,277,0 399,232,501,342,0 536,274,638,384,0 559,136,640,245,0 66,136,153,241,0 266,181,368,291,0 254,268,356,378,0 225,358,328,457,0 285,30,509,238,1
C:\Users\77373\Desktop\yolov4\BCCD_Dataset/BCCD/JPEGImages/BloodImage_00308.jpg 184,105,287,227,0 75,85,186,204,0 291,195,407,333,0 500,313,609,417,0 269,54,366,155,0 128,1,222,72,0 479,172,576,273,0 508,28,626,143,0 1,170,90,279,0 415,322,501,417,0 387,96,484,197,0 143,313,340,480,1
C:\Users\77373\Desktop\yolov4\BCCD_Dataset/BCCD/JPEGImages/BloodImage_00309.jpg 216,279,330,379,0 117,345,230,475,0 452,314,566,414,0 385,317,499,417,0 505,222,608,325,0 488,179,588,271,0 477,57,577,149,0 426,70,526,162,0 376,169,482,272,0 1,179,96,278,0 1,1,96,98,0 286,197,382,296,0 123,1,361,196,1
C:\Users\77373\Desktop\yolov4\BCCD_Dataset/BCCD/JPEGImages/BloodImage_00311.jpg 427,87,533,181,0 399,169,506,270,0 429,1,538,78,0 39,95,144,201,0 283,328,401,435,0 418,260,536,367,0 1,168,72,254,0 22,283,146,377,0 194,150,385,349,1
C:\Users\77373\Desktop\yolov4\BCCD_Dataset/BCCD/JPEGImages/BloodImage_00313.jpg 24,94,131,202,0 402,251,525,358,0 411,373,534,480,0 538,1,637,106,0 342,154,434,249,0 452,73,559,172,0 99,228,206,327,0 36,239,156,344,0 156,63,260,168,0 388,165,476,250,0 101,373,269,480,1 180,215,404,457,1
C:\Users\77373\Desktop\yolov4\BCCD_Dataset/BCCD/JPEGImages/BloodImage_00314.jpg 445,41,545,138,0 471,210,571,307,0 1,1,100,97,0 3,130,103,227,0 63,267,163,364,0 340,324,454,423,0 526,212,637,340,0 256,257,360,341,0 336,127,437,217,0 353,389,454,480,0 92,45,329,266,1
C:\Users\77373\Desktop\yolov4\BCCD_Dataset/BCCD/JPEGImages/BloodImage_00317.jpg 525,356,634,462,0 432,339,541,445,0 131,361,224,465,0 309,280,428,401,0 359,196,478,317,0 390,1,501,113,0 473,200,572,297,0 47,93,154,204,0 57,290,179,390,0 206,279,311,374,0 216,385,321,480,0 114,26,219,137,0 192,1,291,92,0 184,65,396,260,1
C:\Users\77373\Desktop\yolov4\BCCD_Dataset/BCCD/JPEGImages/BloodImage_00318.jpg 94,247,201,335,0 35,392,142,480,0 252,25,359,114,0 466,325,577,446,0 377,60,488,182,0 397,400,504,480,0 66,139,162,216,0 96,23,209,136,0 470,95,560,212,0 125,133,219,217,0 1,268,82,392,0 160,225,397,447,1
C:\Users\77373\Desktop\yolov4\BCCD_Dataset/BCCD/JPEGImages/BloodImage_00322.jpg 307,174,528,387,1
C:\Users\77373\Desktop\yolov4\BCCD_Dataset/BCCD/JPEGImages/BloodImage_00324.jpg 376,191,476,294,0 326,189,429,317,0 484,213,601,325,0 529,314,631,411,0 201,206,310,316,0 22,105,114,201,0 11,324,103,422,0 519,22,608,106,0 231,117,319,206,0 57,350,177,465,0 244,349,369,449,0 277,1,500,169,1
C:\Users\77373\Desktop\yolov4\BCCD_Dataset/BCCD/JPEGImages/BloodImage_00325.jpg 480,357,601,472,0 370,202,491,317,0 376,124,466,206,0 75,160,139,274,0 85,258,182,347,0 72,1,157,79,0 221,19,316,108,0 265,51,390,151,0 459,79,549,161,0 253,321,415,388,0 240,329,341,422,0 141,97,338,312,1
C:\Users\77373\Desktop\yolov4\BCCD_Dataset/BCCD/JPEGImages/BloodImage_00332.jpg 146,267,241,371,0 44,253,152,359,0 149,124,257,230,0 440,296,550,414,0 269,104,379,222,0 530,107,639,200,0 518,173,627,283,0 531,31,640,130,0 269,6,376,108,0 228,204,445,433,1
C:\Users\77373\Desktop\yolov4\BCCD_Dataset/BCCD/JPEGImages/BloodImage_00335.jpg 220,222,326,315,0 363,4,471,122,0 422,150,507,252,0 256,4,362,109,0 116,128,261,238,0 379,288,494,390,0 86,232,163,309,0 62,376,161,470,0 101,29,210,141,0 250,126,358,227,0 175,368,272,480,0 265,334,490,480,1
C:\Users\77373\Desktop\yolov4\BCCD_Dataset/BCCD/JPEGImages/BloodImage_00336.jpg 62,73,165,175,0 236,216,345,348,0 129,300,229,396,0 365,306,494,425,0 494,36,593,138,0 177,25,273,132,0 64,192,182,284,0 45,368,146,446,0 528,289,632,389,0 57,254,225,325,0 280,43,507,236,1
C:\Users\77373\Desktop\yolov4\BCCD_Dataset/BCCD/JPEGImages/BloodImage_00339.jpg 378,278,489,374,0 448,67,580,177,0 308,23,409,145,0 10,220,117,337,0 65,190,181,319,0 171,66,279,185,0 136,329,259,442,0 229,322,350,414,0 25,368,160,477,0 370,382,489,477,0 525,8,638,93,0 20,28,141,147,0 510,259,608,359,0 566,152,640,265,0 424,163,581,278,0 185,127,447,338,1
C:\Users\77373\Desktop\yolov4\BCCD_Dataset/BCCD/JPEGImages/BloodImage_00343.jpg 484,195,613,303,0 525,299,637,396,0 96,157,227,244,0 181,329,181,329,0 256,200,376,307,0 523,1,640,119,0 32,5,133,98,0 132,22,201,145,0 338,325,429,444,0 183,1,425,153,1
C:\Users\77373\Desktop\yolov4\BCCD_Dataset/BCCD/JPEGImages/BloodImage_00344.jpg 529,174,618,260,0 347,290,449,407,0 4,347,100,437,0 383,413,516,478,0 254,391,372,480,0 246,297,353,401,0 347,1,483,104,0 505,362,616,455,0 41,12,129,149,0 318,117,441,213,0 30,236,147,329,0 84,321,192,413,0 74,108,336,359,1
C:\Users\77373\Desktop\yolov4\BCCD_Dataset/BCCD/JPEGImages/BloodImage_00345.jpg 203,266,335,392,0 477,253,561,339,0 375,290,481,380,0 392,152,488,232,0 277,178,387,266,0 183,76,275,169,0 64,48,172,159,0 286,19,404,121,0 452,51,565,159,0 78,279,178,371,0 40,166,148,281,0 305,367,414,474,0 402,321,639,480,1
C:\Users\77373\Desktop\yolov4\BCCD_Dataset/BCCD/JPEGImages/BloodImage_00347.jpg 109,196,225,295,0 176,296,277,400,0 116,309,208,399,0 187,1,302,108,0 451,350,553,454,0 456,173,563,284,0 439,225,545,327,0 261,129,371,224,0 560,72,640,190,0 538,1,639,69,0 450,1,551,69,0 327,1,428,92,0 421,64,520,161,0 228,109,327,206,0 72,45,171,142,0 17,245,124,356,0 255,233,356,305,0 552,233,640,337,0 319,297,476,453,1
C:\Users\77373\Desktop\yolov4\BCCD_Dataset/BCCD/JPEGImages/BloodImage_00348.jpg 214,350,310,453,0 439,294,524,382,0 103,220,224,322,0 273,214,389,303,0 525,283,630,368,0 504,395,619,480,0 93,413,204,480,0 7,353,125,440,0 373,116,470,221,0 464,122,551,229,0 288,84,375,191,0 335,273,445,366,0 569,195,640,286,0 395,389,508,480,0 62,7,294,225,1
C:\Users\77373\Desktop\yolov4\BCCD_Dataset/BCCD/JPEGImages/BloodImage_00351.jpg 115,108,229,221,0 47,25,147,137,0 226,72,295,173,0 204,177,316,287,0 192,282,290,381,0 300,247,411,352,0 504,353,633,470,0 23,230,124,334,0 43,292,166,417,0 314,139,420,240,0 455,45,588,130,0 309,1,423,86,0 223,1,317,81,0 371,360,489,480,0 379,111,619,370,1
C:\Users\77373\Desktop\yolov4\BCCD_Dataset/BCCD/JPEGImages/BloodImage_00353.jpg 52,332,161,452,0 176,315,319,416,0 34,48,152,156,0 320,42,438,150,0 204,83,323,203,0 536,196,635,295,0 83,174,186,278,0 121,144,205,229,0 189,211,303,301,0 147,14,236,106,0 501,73,615,170,0 1,141,80,259,0 485,176,546,240,0 262,191,518,436,1
C:\Users\77373\Desktop\yolov4\BCCD_Dataset/BCCD/JPEGImages/BloodImage_00354.jpg 369,40,470,152,0 473,156,574,268,0 446,278,569,386,0 534,364,640,462,0 405,371,511,480,0 559,97,640,204,0 469,1,562,89,0 277,343,352,453,0 209,352,329,443,0 96,345,201,455,0 374,143,465,225,0 183,27,283,120,0 41,201,141,294,0 106,10,203,119,0 26,94,139,209,0 117,138,361,377,1
C:\Users\77373\Desktop\yolov4\BCCD_Dataset/BCCD/JPEGImages/BloodImage_00355.jpg 27,135,146,245,0 192,228,307,368,0 67,24,186,134,0 282,168,381,281,0 271,338,372,448,0 67,246,178,345,0 63,307,174,406,0 336,1,445,81,0 493,105,591,199,0 433,50,507,139,0 476,1,555,95,0 555,19,640,123,0 280,68,383,159,0 370,143,490,228,0 330,211,566,436,1
C:\Users\77373\Desktop\yolov4\BCCD_Dataset/BCCD/JPEGImages/BloodImage_00356.jpg 279,310,396,422,0 373,191,491,275,0 447,355,554,448,0 504,156,609,265,0 499,303,600,395,0 419,413,512,480,0 59,353,142,450,0 203,118,302,213,0 487,7,586,102,0 361,94,479,187,0 29,12,128,107,0 96,102,200,192,0 228,4,331,103,0 325,1,433,79,0 126,1,221,99,0 1,196,106,285,0 117,230,295,416,1
C:\Users\77373\Desktop\yolov4\BCCD_Dataset/BCCD/JPEGImages/BloodImage_00357.jpg 5,249,90,354,0 210,8,323,118,0 158,283,256,394,0 83,399,166,480,0 534,13,635,116,0 409,85,499,173,0 247,225,360,325,0 268,293,381,393,0 84,179,192,293,0 155,157,263,271,0 150,1,256,111,0 333,361,433,431,0 1,112,90,200,0 383,205,625,434,1
C:\Users\77373\Desktop\yolov4\BCCD_Dataset/BCCD/JPEGImages/BloodImage_00359.jpg 225,233,324,324,0 483,222,562,302,0 358,181,467,287,0 335,369,444,475,0 221,352,330,458,0 378,279,488,378,0 423,32,511,125,0 515,289,629,384,0 22,73,129,171,0 125,75,224,166,0 224,18,327,124,0 326,73,427,190,0 554,40,640,165,0 143,1,242,65,0 1,201,219,422,1
C:\Users\77373\Desktop\yolov4\BCCD_Dataset/BCCD/JPEGImages/BloodImage_00361.jpg 457,164,553,251,0 501,261,586,351,0 570,303,640,406,0 472,353,579,445,0 44,310,136,403,0 25,394,138,479,0 121,274,244,394,0 162,140,259,249,0 19,1,98,87,0 153,47,254,137,0 232,415,318,480,0 95,38,192,158,0 574,208,640,300,0 225,223,321,310,0 215,40,458,268,1
C:\Users\77373\Desktop\yolov4\BCCD_Dataset/BCCD/JPEGImages/BloodImage_00362.jpg 212,274,320,379,0 120,244,216,347,0 242,157,338,260,0 85,133,196,241,0 509,97,620,205,0 139,3,250,111,0 392,101,520,214,0 319,136,480,224,0 360,248,502,348,0 460,286,573,392,0 482,398,583,480,0 27,340,217,480,1
C:\Users\77373\Desktop\yolov4\BCCD_Dataset/BCCD/JPEGImages/BloodImage_00364.jpg 186,102,270,197,0 520,118,604,213,0 556,301,640,396,0 146,200,259,304,0 253,174,354,281,0 189,292,281,400,0 418,246,522,353,0 37,236,138,334,0 77,1,201,90,0 336,408,457,480,0 348,151,449,258,0 538,214,640,290,0 51,100,155,217,0 74,325,176,434,0 325,1,545,162,1
C:\Users\77373\Desktop\yolov4\BCCD_Dataset/BCCD/JPEGImages/BloodImage_00369.jpg 275,289,370,408,0 392,304,488,382,0 11,251,125,352,0 128,307,224,421,0 7,333,119,442,0 159,137,270,243,0 502,242,620,344,0 401,378,520,470,0 242,113,348,234,0 1,80,98,178,0 1,169,111,273,0 111,49,228,147,0 388,43,499,117,0 496,29,599,150,0 237,412,342,480,0 300,1,397,85,0 69,1,163,85,0 324,107,522,303,1
C:\Users\77373\Desktop\yolov4\BCCD_Dataset/BCCD/JPEGImages/BloodImage_00370.jpg 18,68,133,164,0 20,168,129,259,0 95,253,205,355,0 24,327,138,423,0 151,350,264,434,0 242,346,358,440,0 362,348,468,458,0 442,353,543,436,0 452,246,552,354,0 494,213,617,290,0 473,127,597,208,0 323,47,433,143,0 483,1,597,117,0 173,83,294,216,0 240,126,465,345,1
C:\Users\77373\Desktop\yolov4\BCCD_Dataset/BCCD/JPEGImages/BloodImage_00371.jpg 39,369,140,467,0 12,284,109,380,0 530,207,640,300,0 298,249,400,368,0 390,39,490,156,0 79,11,179,105,0 384,264,499,354,0 10,83,111,182,0 48,151,151,253,0 173,275,272,373,0 523,370,629,472,0 182,10,278,94,0 175,87,389,298,1
C:\Users\77373\Desktop\yolov4\BCCD_Dataset/BCCD/JPEGImages/BloodImage_00372.jpg 134,247,249,359,0 356,62,471,174,0 404,287,519,399,0 324,178,397,295,0 143,131,267,246,0 276,364,383,472,0 144,353,272,451,0 498,211,613,323,0 483,377,583,480,0 325,1,441,73,0 257,180,372,290,0 66,349,188,446,0 132,1,349,159,1
C:\Users\77373\Desktop\yolov4\BCCD_Dataset/BCCD/JPEGImages/BloodImage_00374.jpg 241,95,358,213,0 387,296,504,414,0 485,332,602,450,0 526,127,640,226,0 555,225,640,344,0 439,202,544,299,0 407,89,512,186,0 434,2,539,99,0 107,28,212,125,0 185,282,403,480,1 1,125,216,377,1
C:\Users\77373\Desktop\yolov4\BCCD_Dataset/BCCD/JPEGImages/BloodImage_00376.jpg 259,64,383,166,0 168,290,279,398,0 278,188,370,299,0 453,77,560,182,0 365,163,460,269,0 82,7,177,113,0 1,237,72,366,0 536,160,637,277,0 321,289,407,383,0 46,401,158,480,0 374,277,605,480,1
C:\Users\77373\Desktop\yolov4\BCCD_Dataset/BCCD/JPEGImages/BloodImage_00377.jpg 448,244,566,350,0 238,215,333,310,0 15,280,103,406,0 239,70,353,167,0 467,13,590,126,0 412,130,520,236,0 329,137,447,254,0 355,385,474,480,0 340,259,442,359,0 174,138,274,233,0 98,47,196,164,0 102,156,192,277,0 161,1,271,77,0 79,296,307,480,1
C:\Users\77373\Desktop\yolov4\BCCD_Dataset/BCCD/JPEGImages/BloodImage_00378.jpg 26,217,124,319,0 131,225,229,327,0 64,115,162,217,0 1,113,82,213,0 265,173,360,271,0 166,131,292,222,0 138,64,256,137,0 34,1,150,81,0 462,54,592,162,0 345,1,471,74,0 248,71,349,173,0 420,181,524,299,0 478,167,582,269,0 69,369,167,471,0 376,293,474,395,0 171,285,399,480,1
C:\Users\77373\Desktop\yolov4\BCCD_Dataset/BCCD/JPEGImages/BloodImage_00379.jpg 437,29,531,114,0 279,58,384,155,0 133,96,237,179,0 23,67,102,192,0 488,147,603,275,0 291,158,396,255,0 226,162,318,259,0 271,320,376,417,0 319,258,434,358,0 385,213,500,313,0 501,301,616,401,0 117,174,214,265,0 73,184,170,275,0 105,273,222,368,0 187,368,304,463,0 159,1,303,96,0 417,314,511,399,0 404,365,498,450,0 22,384,219,480,1
C:\Users\77373\Desktop\yolov4\BCCD_Dataset/BCCD/JPEGImages/BloodImage_00382.jpg 1,345,70,441,0 37,271,143,376,0 125,217,231,322,0 142,367,248,472,0 218,296,315,391,0 283,368,377,478,0 438,250,552,358,0 411,133,523,243,0 70,49,175,159,0 430,13,535,123,0 319,258,433,366,0 420,386,522,480,0 559,330,640,439,0 158,35,389,259,1
C:\Users\77373\Desktop\yolov4\BCCD_Dataset/BCCD/JPEGImages/BloodImage_00384.jpg 173,274,305,360,0 112,349,236,473,0 108,77,232,201,0 300,93,423,207,0 350,1,478,101,0 291,201,403,314,0 317,321,455,445,0 434,89,568,185,0 540,103,640,218,0 95,1,200,74,0 393,175,597,391,1
C:\Users\77373\Desktop\yolov4\BCCD_Dataset/BCCD/JPEGImages/BloodImage_00387.jpg 54,262,161,385,0 278,49,385,172,0 149,159,283,258,0 456,215,553,315,0 508,149,605,249,0 438,17,540,147,0 1,71,113,196,0 64,1,168,94,0 543,65,640,165,0 543,258,640,364,0 202,236,430,478,1
C:\Users\77373\Desktop\yolov4\BCCD_Dataset/BCCD/JPEGImages/BloodImage_00388.jpg 397,165,547,278,0 352,269,483,395,0 284,375,395,480,0 184,316,289,434,0 146,229,251,347,0 52,278,150,395,0 100,133,238,228,0 204,55,300,157,0 394,38,504,130,0 450,411,557,480,0 25,1,264,113,1
C:\Users\77373\Desktop\yolov4\BCCD_Dataset/BCCD/JPEGImages/BloodImage_00393.jpg 398,290,519,416,0 141,240,275,366,0 1,189,120,278,0 1,373,86,480,0 125,15,247,124,0 105,122,227,231,0 276,394,388,479,0 539,12,624,95,0 354,20,485,134,0 256,1,369,104,0 321,271,431,378,0 210,92,438,297,1
C:\Users\77373\Desktop\yolov4\BCCD_Dataset/BCCD/JPEGImages/BloodImage_00395.jpg 25,90,127,209,0 6,1,108,98,0 109,1,232,77,0 274,6,389,118,0 364,173,479,289,0 86,266,183,368,0 1,314,96,424,0 177,331,273,441,0 283,306,380,406,0 392,296,504,397,0 501,370,613,471,0 388,62,486,163,0 233,412,324,479,0 90,412,202,478,0 114,66,351,294,1
C:\Users\77373\Desktop\yolov4\BCCD_Dataset/BCCD/JPEGImages/BloodImage_00400.jpg 462,368,597,462,0 376,104,510,208,0 219,224,347,315,0 124,286,222,390,0 69,393,174,479,0 219,325,327,425,0 293,291,416,409,0 362,203,470,303,0 35,1,131,115,0 461,195,561,296,0 374,1,482,100,0 1,110,76,242,0 117,18,355,235,1
C:\Users\77373\Desktop\yolov4\BCCD_Dataset/BCCD/JPEGImages/BloodImage_00403.jpg 454,197,581,300,0 303,284,374,389,0 339,159,466,262,0 337,157,464,260,0 323,120,407,201,0 234,84,361,187,0 211,1,317,108,0 1,14,90,122,0 1,138,63,239,0 210,336,316,444,0 9,371,112,469,0 11,272,114,370,0 78,368,183,449,0 490,10,590,116,0 556,126,640,197,0 70,165,287,368,1
C:\Users\77373\Desktop\yolov4\BCCD_Dataset/BCCD/JPEGImages/BloodImage_00404.jpg 398,196,529,282,0 416,53,537,168,0 543,62,640,177,0 279,43,383,147,0 188,355,292,447,0 284,348,360,434,0 339,306,440,407,0 397,344,522,433,0 434,296,559,385,0 1,364,93,468,0 70,71,190,157,0 185,1,306,70,0 574,179,640,288,0 115,134,363,369,1
C:\Users\77373\Desktop\yolov4\BCCD_Dataset/BCCD/JPEGImages/BloodImage_00405.jpg 53,306,162,412,0 1,203,68,322,0 162,114,271,220,0 110,82,221,197,0 151,1,245,89,0 243,1,337,89,0 509,206,613,303,0 479,105,583,202,0 376,142,480,239,0 238,235,360,338,0 176,212,291,315,0 158,320,256,449,0 307,336,378,455,0 316,1,451,153,0 338,248,562,450,1
C:\Users\77373\Desktop\yolov4\BCCD_Dataset/BCCD/JPEGImages/BloodImage_00408.jpg 64,279,139,415,0 118,120,232,219,0 1,178,92,277,0 213,304,316,404,0 215,391,313,480,0 454,241,557,335,0 308,178,421,273,0 284,47,392,159,0 470,1,574,68,0 391,44,489,139,0 387,136,480,253,0 542,271,626,363,0 9,28,105,135,0 103,1,201,95,0 198,1,285,81,0 310,319,569,480,1
